9.773867187500000000e+04
9.557067187500000000e+04
9.407053906250000000e+04
9.217241406250000000e+04
9.088275000000000000e+04
8.869500781250000000e+04
8.650904687500000000e+04
8.487685937500000000e+04
8.329988281250000000e+04
8.085273437500000000e+04
7.939114062500000000e+04
7.702022656250000000e+04
7.630144531250000000e+04
7.443500000000000000e+04
7.310995312500000000e+04
7.054500781250000000e+04
6.868789843750000000e+04
6.829545312500000000e+04
6.556297656250000000e+04
6.464751562500000000e+04
6.329025000000000000e+04
6.087718750000000000e+04
5.987973437500000000e+04
5.849976171875000000e+04
5.807339453125000000e+04
5.616949218750000000e+04
5.507283593750000000e+04
5.358041796875000000e+04
5.249127343750000000e+04
5.247944921875000000e+04
5.113386718750000000e+04
5.104883984375000000e+04
5.001628125000000000e+04
4.781952734375000000e+04
4.689579687500000000e+04
4.585523828125000000e+04
4.577796093750000000e+04
4.515004296875000000e+04
4.365005078125000000e+04
4.354036718750000000e+04
4.197548437500000000e+04
4.085589843750000000e+04
4.155451171875000000e+04
4.010950000000000000e+04
4.017338281250000000e+04
3.954766406250000000e+04
3.769430468750000000e+04
3.697488281250000000e+04
3.631266796875000000e+04
3.603821875000000000e+04
3.483661718750000000e+04
3.469366406250000000e+04
3.378492578125000000e+04
3.175038281250000000e+04
3.284905859375000000e+04
3.155586718750000000e+04
3.327892578125000000e+04
3.117703906250000000e+04
2.929570898437500000e+04
3.026680664062500000e+04
2.932221093750000000e+04
2.770173828125000000e+04
2.824940820312500000e+04
2.823093750000000000e+04
2.825948632812500000e+04
2.572040429687500000e+04
2.557296484375000000e+04
2.543502929687500000e+04
2.565701757812500000e+04
2.466625195312500000e+04
2.412486718750000000e+04
2.442617578125000000e+04
2.393318554687500000e+04
2.367076367187500000e+04
2.347344531250000000e+04
2.278206640625000000e+04
2.283293554687500000e+04
2.172613281250000000e+04
2.133359375000000000e+04
2.290919726562500000e+04
2.155780468750000000e+04
2.153281250000000000e+04
1.997905664062500000e+04
2.031137109375000000e+04
2.096629687500000000e+04
2.001707226562500000e+04
2.079746093750000000e+04
1.990448437500000000e+04
1.963816406250000000e+04
1.927926171875000000e+04
1.975609765625000000e+04
1.893178515625000000e+04
1.926965625000000000e+04
1.870239843750000000e+04
1.855670703125000000e+04
1.836178906250000000e+04
1.873783007812500000e+04
1.972814843750000000e+04
1.814510937500000000e+04
1.817100585937500000e+04
1.955276757812500000e+04
1.856980664062500000e+04
1.832125195312500000e+04
1.798685742187500000e+04
1.712742968750000000e+04
1.796150195312500000e+04
1.678669921875000000e+04
1.725918359375000000e+04
1.698841406250000000e+04
1.783314257812500000e+04
1.729977734375000000e+04
1.685164453125000000e+04
1.585230273437500000e+04
1.729032421875000000e+04
1.581640527343750000e+04
1.541574023437500000e+04
1.579101953125000000e+04
1.517474023437500000e+04
1.567184375000000000e+04
1.648938671875000000e+04
1.524285351562500000e+04
1.565676757812500000e+04
1.433808007812500000e+04
1.463865234375000000e+04
1.554584863281250000e+04
1.458025683593750000e+04
1.510018750000000000e+04
1.354708203125000000e+04
1.444358203125000000e+04
1.466776855468750000e+04
1.410989550781250000e+04
1.441455273437500000e+04
1.396130273437500000e+04
1.378443457031250000e+04
1.511428027343750000e+04
1.394143554687500000e+04
1.446845898437500000e+04
1.318727929687500000e+04
1.338516796875000000e+04
1.354587011718750000e+04
1.325418652343750000e+04
1.381533203125000000e+04
1.321885546875000000e+04
1.322521093750000000e+04
1.355746582031250000e+04
1.381571875000000000e+04
1.359512500000000000e+04
1.297841699218750000e+04
1.331944433593750000e+04
1.237101562500000000e+04
1.274063281250000000e+04
1.193857714843750000e+04
1.331967382812500000e+04
1.219606250000000000e+04
1.252996777343750000e+04
1.274905957031250000e+04
1.251522851562500000e+04
1.207318359375000000e+04
1.256658789062500000e+04
1.224884960937500000e+04
1.242011035156250000e+04
1.261785351562500000e+04
1.220418066406250000e+04
1.193964550781250000e+04
1.279680273437500000e+04
1.157697070312500000e+04
1.227325000000000000e+04
1.180687988281250000e+04
1.216490234375000000e+04
1.298771289062500000e+04
1.129686328125000000e+04
1.180523144531250000e+04
1.169174511718750000e+04
1.210814257812500000e+04
1.186495507812500000e+04
1.199582617187500000e+04
1.170179296875000000e+04
1.205119824218750000e+04
1.149736132812500000e+04
1.067728320312500000e+04
1.156721289062500000e+04
1.149400781250000000e+04
1.199480664062500000e+04
1.163466210937500000e+04
1.200681054687500000e+04
1.099283496093750000e+04
1.124634472656250000e+04
1.169497265625000000e+04
1.226492871093750000e+04
1.142712304687500000e+04
1.230383496093750000e+04
1.198007226562500000e+04
1.105555859375000000e+04
1.099076562500000000e+04
1.180617773437500000e+04
1.095936132812500000e+04
1.121837695312500000e+04
1.094565722656250000e+04
1.063352343750000000e+04
1.135774414062500000e+04
1.073669042968750000e+04
1.100205371093750000e+04
1.147166406250000000e+04
1.179254296875000000e+04
1.122468066406250000e+04
1.104816210937500000e+04
1.087318164062500000e+04
1.114561816406250000e+04
1.073027929687500000e+04
1.107361328125000000e+04
1.147964453125000000e+04
1.216484570312500000e+04
1.061040527343750000e+04
1.141903125000000000e+04
1.187927343750000000e+04
1.028687304687500000e+04
1.075300781250000000e+04
1.118691015625000000e+04
1.167405664062500000e+04
1.085455371093750000e+04
1.092809960937500000e+04
1.056387695312500000e+04
1.129653906250000000e+04
1.070292773437500000e+04
1.119995507812500000e+04
1.156698242187500000e+04
1.202509960937500000e+04
1.099180761718750000e+04
1.110481640625000000e+04
1.084932617187500000e+04
1.037810742187500000e+04
1.132686523437500000e+04
1.105468652343750000e+04
1.081558691406250000e+04
1.123076367187500000e+04
1.087555273437500000e+04
1.091665625000000000e+04
1.043762890625000000e+04
1.079741601562500000e+04
1.119979003906250000e+04
1.028718945312500000e+04
1.068834179687500000e+04
1.082242382812500000e+04
1.111825683593750000e+04
1.090608007812500000e+04
1.084760742187500000e+04
1.051347558593750000e+04
1.108470703125000000e+04
1.082359375000000000e+04
1.109297265625000000e+04
1.019847167968750000e+04
1.074835644531250000e+04
1.093595117187500000e+04
1.103257226562500000e+04
1.100554882812500000e+04
1.081510742187500000e+04
1.106395898437500000e+04
1.121913085937500000e+04
1.114661328125000000e+04
1.073484277343750000e+04
1.046590917968750000e+04
1.099929296875000000e+04
1.112165527343750000e+04
1.096752343750000000e+04
1.084450781250000000e+04
1.075374609375000000e+04
1.076439843750000000e+04
1.037019335937500000e+04
1.126905664062500000e+04
1.070980566406250000e+04
1.125124023437500000e+04
1.084956152343750000e+04
1.086831640625000000e+04
1.069351171875000000e+04
1.051960742187500000e+04
1.031882714843750000e+04
1.000689843750000000e+04
1.054068261718750000e+04
1.067024902343750000e+04
1.095450488281250000e+04
1.087598242187500000e+04
1.031490234375000000e+04
1.064586328125000000e+04
1.063918359375000000e+04
1.030244824218750000e+04
1.086578710937500000e+04
1.071357031250000000e+04
1.035998339843750000e+04
1.096802929687500000e+04
1.078554687500000000e+04
1.032421289062500000e+04
1.034123925781250000e+04
1.087365039062500000e+04
1.112344824218750000e+04
1.032334570312500000e+04
1.119090820312500000e+04
1.071907714843750000e+04
1.049787500000000000e+04
1.026070703125000000e+04
1.003150976562500000e+04
1.076254199218750000e+04
1.113919531250000000e+04
1.125038378906250000e+04
1.019377246093750000e+04
1.051809375000000000e+04
1.054866210937500000e+04
1.067686328125000000e+04
1.090708789062500000e+04
1.050107324218750000e+04
1.069621679687500000e+04
1.066708593750000000e+04
1.054607617187500000e+04
1.096557519531250000e+04
1.102251171875000000e+04
1.061607812500000000e+04
1.083277441406250000e+04
1.072891015625000000e+04
1.057723632812500000e+04
1.133552343750000000e+04
1.087366308593750000e+04
1.075757421875000000e+04
1.069154882812500000e+04
1.032562304687500000e+04
1.044095605468750000e+04
1.085093554687500000e+04
1.107260742187500000e+04
1.021389746093750000e+04
1.103297949218750000e+04
1.090295312500000000e+04
1.097337500000000000e+04
1.076687011718750000e+04
1.060004296875000000e+04
1.079041699218750000e+04
1.047114648437500000e+04
1.085968164062500000e+04
1.055501171875000000e+04
1.087527343750000000e+04
1.064310937500000000e+04
1.087395312500000000e+04
1.075304882812500000e+04
1.093035546875000000e+04
1.068375976562500000e+04
1.063767968750000000e+04
1.077499414062500000e+04
1.038408007812500000e+04
1.086174316406250000e+04
1.083306445312500000e+04
1.130581640625000000e+04
1.061650292968750000e+04
1.106200781250000000e+04
1.077148437500000000e+04
1.102611718750000000e+04
1.045333398437500000e+04
1.034957421875000000e+04
1.053744335937500000e+04
1.022922363281250000e+04
1.063447753906250000e+04
1.093986132812500000e+04
1.070176367187500000e+04
1.019744628906250000e+04
1.078562695312500000e+04
1.064255566406250000e+04
1.121978515625000000e+04
1.091029101562500000e+04
1.077037500000000000e+04
1.072861718750000000e+04
1.045898828125000000e+04
1.148798828125000000e+04
1.053172070312500000e+04
1.085868164062500000e+04
1.090792675781250000e+04
1.091343554687500000e+04
1.102088574218750000e+04
1.097983593750000000e+04
1.061071875000000000e+04
1.063993945312500000e+04
1.070134277343750000e+04
1.069008691406250000e+04
1.069445605468750000e+04
1.062417675781250000e+04
1.095996289062500000e+04
1.105637792968750000e+04
1.124692382812500000e+04
1.077382031250000000e+04
1.092366894531250000e+04
1.125595117187500000e+04
1.096160351562500000e+04
1.094133886718750000e+04
1.053273535156250000e+04
1.151169531250000000e+04
1.091474023437500000e+04
1.045112304687500000e+04
1.104573828125000000e+04
1.077992773437500000e+04
1.019517773437500000e+04
1.012780664062500000e+04
1.107206835937500000e+04
1.037327929687500000e+04
1.065955175781250000e+04
1.023131250000000000e+04
1.031459667968750000e+04
1.056204003906250000e+04
1.053184667968750000e+04
1.041308691406250000e+04
1.047853906250000000e+04
1.059322265625000000e+04
1.113504003906250000e+04
1.094077832031250000e+04
1.083607421875000000e+04
1.089808789062500000e+04
1.065991406250000000e+04
1.080833398437500000e+04
1.028034179687500000e+04
1.108830078125000000e+04
1.102986718750000000e+04
1.119586328125000000e+04
1.086463476562500000e+04
1.139949316406250000e+04
1.053461230468750000e+04
1.062391210937500000e+04
1.064394726562500000e+04
1.094554687500000000e+04
1.067727539062500000e+04
1.092259960937500000e+04
1.093401660156250000e+04
1.096253125000000000e+04
1.071385742187500000e+04
1.104973437500000000e+04
1.159028417968750000e+04
1.106815820312500000e+04
1.158307617187500000e+04
1.065684472656250000e+04
1.124432226562500000e+04
1.083758398437500000e+04
1.080442578125000000e+04
1.100909960937500000e+04
1.096542285156250000e+04
1.129898632812500000e+04
1.065987792968750000e+04
1.123404492187500000e+04
1.081312011718750000e+04
1.099789355468750000e+04
1.062425000000000000e+04
1.083661816406250000e+04
1.086551074218750000e+04
1.113024609375000000e+04
1.091011523437500000e+04
1.069239648437500000e+04
1.103631835937500000e+04
1.072156347656250000e+04
1.098964843750000000e+04
1.103313281250000000e+04
1.098545898437500000e+04
1.068498144531250000e+04
1.071942578125000000e+04
1.128474121093750000e+04
1.041338183593750000e+04
1.052880566406250000e+04
1.093613964843750000e+04
1.025756738281250000e+04
1.106614453125000000e+04
1.139226171875000000e+04
9.847799804687500000e+03
1.044577734375000000e+04
1.075936132812500000e+04
1.055194628906250000e+04
1.052779296875000000e+04
1.055078027343750000e+04
1.085686914062500000e+04
1.011081445312500000e+04
1.065988085937500000e+04
1.068058789062500000e+04
1.080763085937500000e+04
1.061731542968750000e+04
1.133250488281250000e+04
1.076085546875000000e+04
1.072295898437500000e+04
1.085744921875000000e+04
1.077804101562500000e+04
1.086829882812500000e+04
1.127022851562500000e+04
1.053512500000000000e+04
1.032242382812500000e+04
1.081429785156250000e+04
1.088368164062500000e+04
1.135965234375000000e+04
1.073501562500000000e+04
1.095561621093750000e+04
1.061412597656250000e+04
1.023643359375000000e+04
1.055820507812500000e+04
1.089503125000000000e+04
1.071199707031250000e+04
1.081772363281250000e+04
1.100027148437500000e+04
1.075687402343750000e+04
1.054262109375000000e+04
1.089204394531250000e+04
1.069025390625000000e+04
1.059214453125000000e+04
1.041934472656250000e+04
1.054312988281250000e+04
1.026095507812500000e+04
1.018073632812500000e+04
1.081560058593750000e+04
1.078100390625000000e+04
1.138798046875000000e+04
1.123587695312500000e+04
1.046979687500000000e+04
1.037771875000000000e+04
1.062033007812500000e+04
1.139763867187500000e+04
1.048564843750000000e+04
1.065678125000000000e+04
1.070829882812500000e+04
1.022615039062500000e+04
1.098917187500000000e+04
1.090419921875000000e+04
1.076704199218750000e+04
1.103550585937500000e+04
1.062369531250000000e+04
1.112607031250000000e+04
1.053339453125000000e+04
1.094668945312500000e+04
1.065528320312500000e+04
1.104657128906250000e+04
1.043792382812500000e+04
1.081976367187500000e+04
1.075794140625000000e+04
1.043751660156250000e+04
1.110108789062500000e+04
1.132480078125000000e+04
1.101158398437500000e+04
1.029372265625000000e+04
1.068266210937500000e+04
1.101420703125000000e+04
1.079454882812500000e+04
1.080081640625000000e+04
1.052584765625000000e+04
1.055463671875000000e+04
1.122203808593750000e+04
1.052505078125000000e+04
1.103016601562500000e+04
1.097949609375000000e+04
1.108397167968750000e+04
1.051624316406250000e+04
1.104035839843750000e+04
1.084505175781250000e+04
1.040043457031250000e+04
1.046631347656250000e+04
1.104639062500000000e+04
1.078027734375000000e+04
1.033369531250000000e+04
1.047043945312500000e+04
1.065469726562500000e+04
1.070122656250000000e+04
1.093054687500000000e+04
1.111610546875000000e+04
1.107565722656250000e+04
1.069205664062500000e+04
1.088907812500000000e+04
1.077907812500000000e+04
1.092341894531250000e+04
1.108024609375000000e+04
1.089023242187500000e+04
1.085263476562500000e+04
1.115604589843750000e+04
1.075811035156250000e+04
1.084239355468750000e+04
1.081432031250000000e+04
1.165033398437500000e+04
1.080111718750000000e+04
1.134007812500000000e+04
1.075117773437500000e+04
1.079994921875000000e+04
1.128589648437500000e+04
1.117540625000000000e+04
1.117398437500000000e+04
1.167415332031250000e+04
1.087521289062500000e+04
1.088188867187500000e+04
1.049464843750000000e+04
1.088854980468750000e+04
1.093187695312500000e+04
1.088706835937500000e+04
1.105566113281250000e+04
1.064006640625000000e+04
1.124257421875000000e+04
1.055238183593750000e+04
1.114853808593750000e+04
1.134837695312500000e+04
1.114030468750000000e+04
1.135790136718750000e+04
1.106374414062500000e+04
1.158349609375000000e+04
1.124268261718750000e+04
1.144935742187500000e+04
1.063950781250000000e+04
1.085379589843750000e+04
1.106762500000000000e+04
1.078222949218750000e+04
1.104465722656250000e+04
1.148650781250000000e+04
1.047725976562500000e+04
1.129607812500000000e+04
1.065768457031250000e+04
1.116911914062500000e+04
1.122715820312500000e+04
1.095769726562500000e+04
1.052516992187500000e+04
1.131048046875000000e+04
1.106885937500000000e+04
1.115414941406250000e+04
1.040872656250000000e+04
1.042358398437500000e+04
1.109643652343750000e+04
1.140372265625000000e+04
1.135969335937500000e+04
1.073572656250000000e+04
1.042479882812500000e+04
1.110215625000000000e+04
1.084515234375000000e+04
1.101949707031250000e+04
1.140366015625000000e+04
1.096153125000000000e+04
1.081345507812500000e+04
1.097171093750000000e+04
1.095229687500000000e+04
1.086912304687500000e+04
1.077346093750000000e+04
1.040316601562500000e+04
1.059553613281250000e+04
1.077488476562500000e+04
1.102444140625000000e+04
1.122807910156250000e+04
1.045249511718750000e+04
1.052563281250000000e+04
1.077345996093750000e+04
1.074739160156250000e+04
1.121846777343750000e+04
1.083648437500000000e+04
1.081995312500000000e+04
1.061960253906250000e+04
1.084963867187500000e+04
1.077799218750000000e+04
1.094435644531250000e+04
1.073434277343750000e+04
1.086444824218750000e+04
1.076693750000000000e+04
1.081916015625000000e+04
1.034061132812500000e+04
1.127952148437500000e+04
1.166511230468750000e+04
1.150126464843750000e+04
1.099280859375000000e+04
1.117187695312500000e+04
1.053687695312500000e+04
1.101901757812500000e+04
1.068484570312500000e+04
1.113871484375000000e+04
1.126220898437500000e+04
1.139002343750000000e+04
1.152822949218750000e+04
1.102048535156250000e+04
1.144323535156250000e+04
1.108695605468750000e+04
1.089269238281250000e+04
1.106382324218750000e+04
1.103337792968750000e+04
1.114275585937500000e+04
1.114646875000000000e+04
1.113128027343750000e+04
1.108577539062500000e+04
1.073787109375000000e+04
1.117854785156250000e+04
1.136855468750000000e+04
1.090877929687500000e+04
1.126691796875000000e+04
1.075808007812500000e+04
1.108815429687500000e+04
1.106993164062500000e+04
1.076334082031250000e+04
1.116743359375000000e+04
1.123905078125000000e+04
1.062403613281250000e+04
1.129359570312500000e+04
1.141118945312500000e+04
1.091101757812500000e+04
1.069034960937500000e+04
1.084715234375000000e+04
1.130717675781250000e+04
1.084282714843750000e+04
1.098814550781250000e+04
1.098865820312500000e+04
1.072432226562500000e+04
1.119933496093750000e+04
1.088744628906250000e+04
1.100338476562500000e+04
1.124828906250000000e+04
1.141754687500000000e+04
1.081433691406250000e+04
1.123777148437500000e+04
1.108773437500000000e+04
1.099701464843750000e+04
1.053949023437500000e+04
1.108298632812500000e+04
1.095176660156250000e+04
1.145469531250000000e+04
1.102424902343750000e+04
1.086473242187500000e+04
1.142682031250000000e+04
1.104866601562500000e+04
1.074204882812500000e+04
1.096557421875000000e+04
1.062219140625000000e+04
1.026068066406250000e+04
1.110364062500000000e+04
1.102750292968750000e+04
1.124309179687500000e+04
1.108945214843750000e+04
1.171315625000000000e+04
1.105670312500000000e+04
1.090543554687500000e+04
1.126325976562500000e+04
1.082052539062500000e+04
1.139989062500000000e+04
1.102066406250000000e+04
1.095225097656250000e+04
1.148877734375000000e+04
1.091855664062500000e+04
1.087099902343750000e+04
1.103084277343750000e+04
1.071420703125000000e+04
1.117729589843750000e+04
1.091512597656250000e+04
1.138266015625000000e+04
1.152138671875000000e+04
1.092855566406250000e+04
1.169637500000000000e+04
1.080067578125000000e+04
1.121439257812500000e+04
1.059163671875000000e+04
1.169232617187500000e+04
1.105181054687500000e+04
1.094690429687500000e+04
1.138100976562500000e+04
1.113078320312500000e+04
1.064344531250000000e+04
1.152586132812500000e+04
1.182144531250000000e+04
1.065243457031250000e+04
1.112876562500000000e+04
1.070169726562500000e+04
1.124465625000000000e+04
1.145774121093750000e+04
1.033166992187500000e+04
1.063603125000000000e+04
1.126397070312500000e+04
1.128601660156250000e+04
1.085569628906250000e+04
1.139454882812500000e+04
1.164147851562500000e+04
1.139514355468750000e+04
1.100271289062500000e+04
1.155388085937500000e+04
1.096893554687500000e+04
1.130192187500000000e+04
1.122668554687500000e+04
1.074599804687500000e+04
1.099353125000000000e+04
1.083883007812500000e+04
1.062620507812500000e+04
1.085507812500000000e+04
1.081987695312500000e+04
1.134519335937500000e+04
1.140106542968750000e+04
1.020372949218750000e+04
1.107287988281250000e+04
1.055781640625000000e+04
1.054154785156250000e+04
1.117006933593750000e+04
1.092203027343750000e+04
1.146144140625000000e+04
1.081539257812500000e+04
1.131339257812500000e+04
1.129012500000000000e+04
1.060153125000000000e+04
1.114239941406250000e+04
1.095459960937500000e+04
1.109107714843750000e+04
1.085985742187500000e+04
1.144237597656250000e+04
1.100885644531250000e+04
1.124032226562500000e+04
1.099577246093750000e+04
1.104090332031250000e+04
1.163290625000000000e+04
1.091464843750000000e+04
1.102742285156250000e+04
1.082254687500000000e+04
1.117078515625000000e+04
1.166352929687500000e+04
1.129875195312500000e+04
1.112728515625000000e+04
1.090992578125000000e+04
1.157108105468750000e+04
1.111364843750000000e+04
1.141183984375000000e+04
1.083172460937500000e+04
1.101651269531250000e+04
1.066545898437500000e+04
1.053072558593750000e+04
1.084385937500000000e+04
1.052167871093750000e+04
1.104415136718750000e+04
1.079727539062500000e+04
1.104171875000000000e+04
1.127644628906250000e+04
1.080726757812500000e+04
1.081229101562500000e+04
1.080971289062500000e+04
1.040791406250000000e+04
1.131326464843750000e+04
1.096235937500000000e+04
1.145713574218750000e+04
1.128555371093750000e+04
1.113870898437500000e+04
1.097676953125000000e+04
1.115406640625000000e+04
1.075449804687500000e+04
1.099404687500000000e+04
1.122583593750000000e+04
1.121785742187500000e+04
1.090413281250000000e+04
1.153655273437500000e+04
1.064783007812500000e+04
1.061364550781250000e+04
1.085494335937500000e+04
1.104840429687500000e+04
1.081641503906250000e+04
1.123869726562500000e+04
1.105710742187500000e+04
1.061133886718750000e+04
1.071095703125000000e+04
1.098217578125000000e+04
1.108572363281250000e+04
1.061324804687500000e+04
1.177097363281250000e+04
1.125023925781250000e+04
1.102563867187500000e+04
1.194038281250000000e+04
1.130832324218750000e+04
1.136197558593750000e+04
1.076751953125000000e+04
1.134139355468750000e+04
1.124827050781250000e+04
1.131110644531250000e+04
1.170868359375000000e+04
1.124528808593750000e+04
1.173172656250000000e+04
1.146660058593750000e+04
1.131715625000000000e+04
1.087807031250000000e+04
1.119998046875000000e+04
1.120454101562500000e+04
1.111883007812500000e+04
1.085440039062500000e+04
1.129946093750000000e+04
1.095264160156250000e+04
1.109710546875000000e+04
1.084776953125000000e+04
1.113163476562500000e+04
1.141614355468750000e+04
1.120709765625000000e+04
1.120525195312500000e+04
1.117441015625000000e+04
1.140232617187500000e+04
1.100110546875000000e+04
1.079069140625000000e+04
1.123111718750000000e+04
1.091836132812500000e+04
1.108807714843750000e+04
1.130798144531250000e+04
1.057777343750000000e+04
1.118975781250000000e+04
1.187942382812500000e+04
1.114655078125000000e+04
1.153243750000000000e+04
1.121248925781250000e+04
1.123810839843750000e+04
1.081373046875000000e+04
1.084605078125000000e+04
1.126540625000000000e+04
1.072779980468750000e+04
1.097428808593750000e+04
1.097493359375000000e+04
1.134131152343750000e+04
1.074902636718750000e+04
1.062405273437500000e+04
1.096870898437500000e+04
1.100333496093750000e+04
1.130925585937500000e+04
1.122583007812500000e+04
1.056625585937500000e+04
1.079875195312500000e+04
1.115907421875000000e+04
1.088378710937500000e+04
1.155811523437500000e+04
1.107568554687500000e+04
1.043854492187500000e+04
1.057041992187500000e+04
1.099633593750000000e+04
1.076981152343750000e+04
1.087714648437500000e+04
1.133817773437500000e+04
1.116419433593750000e+04
1.133481250000000000e+04
1.105327636718750000e+04
1.136145117187500000e+04
1.110914257812500000e+04
1.113167578125000000e+04
1.066094042968750000e+04
1.095555078125000000e+04
1.119490820312500000e+04
1.139198046875000000e+04
1.128670507812500000e+04
1.080039843750000000e+04
1.094167187500000000e+04
1.134126953125000000e+04
1.138526464843750000e+04
1.105605859375000000e+04
1.137736718750000000e+04
1.146417187500000000e+04
1.082864062500000000e+04
1.113295507812500000e+04
1.107704296875000000e+04
1.082965820312500000e+04
1.127285156250000000e+04
1.144761914062500000e+04
1.121499023437500000e+04
1.125998925781250000e+04
1.089117089843750000e+04
1.092528320312500000e+04
1.080352343750000000e+04
1.083796875000000000e+04
1.174717187500000000e+04
1.147815722656250000e+04
1.175929101562500000e+04
1.107928613281250000e+04
1.140087695312500000e+04
1.064915429687500000e+04
1.149110839843750000e+04
1.135960644531250000e+04
1.140203125000000000e+04
1.155107910156250000e+04
1.118191210937500000e+04
1.108077929687500000e+04
1.098440039062500000e+04
1.148927734375000000e+04
1.158184960937500000e+04
1.078801562500000000e+04
1.153509960937500000e+04
1.142378515625000000e+04
1.053301074218750000e+04
1.082718359375000000e+04
1.113487695312500000e+04
1.071000292968750000e+04
1.122655664062500000e+04
1.105141308593750000e+04
1.120778515625000000e+04
1.149124218750000000e+04
1.122381933593750000e+04
1.131190820312500000e+04
1.152542871093750000e+04
1.075885058593750000e+04
1.102805078125000000e+04
1.128143164062500000e+04
1.113865820312500000e+04
1.093882714843750000e+04
1.110377148437500000e+04
1.081659375000000000e+04
1.128268945312500000e+04
1.134687890625000000e+04
1.059782910156250000e+04
1.149965527343750000e+04
1.130706542968750000e+04
1.141671777343750000e+04
1.068927734375000000e+04
1.125146679687500000e+04
1.091402148437500000e+04
1.090243261718750000e+04
1.154903515625000000e+04
1.147466503906250000e+04
1.105770410156250000e+04
1.126135742187500000e+04
1.099539648437500000e+04
1.132520410156250000e+04
1.099660351562500000e+04
1.098235351562500000e+04
1.160175195312500000e+04
