7.161714172363281250e+01
7.046418762207031250e+01
6.941661834716796875e+01
6.846556854248046875e+01
6.761473846435546875e+01
6.688817596435546875e+01
6.625981140136718750e+01
6.574488067626953125e+01
6.533152770996093750e+01
6.500925445556640625e+01
6.477794647216796875e+01
6.464024353027343750e+01
6.456614685058593750e+01
6.455796813964843750e+01
6.460914611816406250e+01
6.471186828613281250e+01
6.484465789794921875e+01
6.500272369384765625e+01
6.518354797363281250e+01
6.537847137451171875e+01
6.557929229736328125e+01
6.577071380615234375e+01
6.594325256347656250e+01
6.609584808349609375e+01
6.622238159179687500e+01
6.631649780273437500e+01
6.637252044677734375e+01
6.638368225097656250e+01
6.635708618164062500e+01
6.629322052001953125e+01
6.620443725585937500e+01
6.607775115966796875e+01
6.591799926757812500e+01
6.573815917968750000e+01
6.552023315429687500e+01
6.528763580322265625e+01
6.506003570556640625e+01
6.481463623046875000e+01
6.456091308593750000e+01
6.431822967529296875e+01
6.406929016113281250e+01
6.382316589355468750e+01
6.357275009155273438e+01
6.333122253417968750e+01
6.308518600463867188e+01
6.286882019042968750e+01
6.265040969848632812e+01
6.244621276855468750e+01
6.224747467041015625e+01
6.205160522460937500e+01
6.185905075073242188e+01
6.168421936035156250e+01
6.150921630859375000e+01
6.134694671630859375e+01
6.119796371459960938e+01
6.104689788818359375e+01
6.092010498046875000e+01
6.081429290771484375e+01
6.071710205078125000e+01
6.061927795410156250e+01
6.051602172851562500e+01
6.041051864624023438e+01
6.031048583984375000e+01
6.021287918090820312e+01
6.012068939208984375e+01
6.003610229492187500e+01
5.994760131835937500e+01
5.985670852661132812e+01
5.977519989013671875e+01
5.968712615966796875e+01
5.959536743164062500e+01
5.950240325927734375e+01
5.940900039672851562e+01
5.930693817138671875e+01
5.920502853393554688e+01
5.910058212280273438e+01
5.898436355590820312e+01
5.887023162841796875e+01
5.875075531005859375e+01
5.862412643432617188e+01
5.849313354492187500e+01
5.835482406616210938e+01
5.821464920043945312e+01
5.807110214233398438e+01
5.793003463745117188e+01
5.779419708251953125e+01
5.765687179565429688e+01
5.752594757080078125e+01
5.740291595458984375e+01
5.728293991088867188e+01
5.716285705566406250e+01
5.703970718383789062e+01
5.692791366577148438e+01
5.682739639282226562e+01
5.672587585449218750e+01
5.662726593017578125e+01
5.653093719482421875e+01
5.643461990356445312e+01
5.633153152465820312e+01
5.622553253173828125e+01
5.610863113403320312e+01
5.599707031250000000e+01
5.589853668212890625e+01
5.579801559448242188e+01
5.569491577148437500e+01
5.559097290039062500e+01
5.548680877685546875e+01
5.538097000122070312e+01
5.527828598022460938e+01
5.518649291992187500e+01
5.508762741088867188e+01
5.498465347290039062e+01
5.488595581054687500e+01
5.478772354125976562e+01
5.468605804443359375e+01
5.458246994018554688e+01
5.447842407226562500e+01
5.438563537597656250e+01
5.429110717773437500e+01
5.419805908203125000e+01
5.410303878784179688e+01
5.400380325317382812e+01
5.391683959960937500e+01
5.383062744140625000e+01
5.373295974731445312e+01
5.364445877075195312e+01
5.355035018920898438e+01
5.346456146240234375e+01
5.336831665039062500e+01
5.328032302856445312e+01
5.319207000732421875e+01
5.310376358032226562e+01
5.301353454589843750e+01
5.292784118652343750e+01
5.283772277832031250e+01
5.274928665161132812e+01
5.266224288940429688e+01
5.257604598999023438e+01
5.248461914062500000e+01
5.239185333251953125e+01
5.229848861694335938e+01
5.221988677978515625e+01
5.213891983032226562e+01
5.206052017211914062e+01
5.198156356811523438e+01
5.189401245117187500e+01
5.180578994750976562e+01
5.171533584594726562e+01
5.163149261474609375e+01
5.154733657836914062e+01
5.146286392211914062e+01
5.138782882690429688e+01
5.132106018066406250e+01
5.126355361938476562e+01
5.120001602172851562e+01
5.113148117065429688e+01
5.106800079345703125e+01
5.100326538085937500e+01
5.094691467285156250e+01
5.088452911376953125e+01
5.083079528808593750e+01
5.077351379394531250e+01
5.071636199951171875e+01
5.065534591674804688e+01
5.059492492675781250e+01
5.052419662475585938e+01
5.045162200927734375e+01
5.037129592895507812e+01
5.029158020019531250e+01
5.020748519897460938e+01
5.012121200561523438e+01
5.004220581054687500e+01
4.996538162231445312e+01
4.988471984863281250e+01
4.980857086181640625e+01
4.973728179931640625e+01
4.966886138916015625e+01
4.959714889526367188e+01
4.952390670776367188e+01
4.944571304321289062e+01
4.936103820800781250e+01
4.927797698974609375e+01
4.920170211791992188e+01
4.912126159667968750e+01
4.903401565551757812e+01
4.894893264770507812e+01
4.886319732666015625e+01
4.877115249633789062e+01
4.867394256591796875e+01
4.858168029785156250e+01
4.849076843261718750e+01
4.840203857421875000e+01
4.831534194946289062e+01
4.822513580322265625e+01
4.814298248291015625e+01
4.805818939208984375e+01
4.796502685546875000e+01
4.787048721313476562e+01
4.777531051635742188e+01
4.769260406494140625e+01
4.762435531616210938e+01
4.755270004272460938e+01
4.748274993896484375e+01
4.740470123291015625e+01
4.732257843017578125e+01
4.723635101318359375e+01
4.714881134033203125e+01
4.706086730957031250e+01
4.698181915283203125e+01
4.689555358886718750e+01
4.681007003784179688e+01
4.672469329833984375e+01
4.663883972167968750e+01
4.656580734252929688e+01
4.649423599243164062e+01
4.642096328735351562e+01
4.634944534301757812e+01
4.627217864990234375e+01
4.619942855834960938e+01
4.612865447998046875e+01
4.605908203125000000e+01
4.598871994018554688e+01
4.592583465576171875e+01
4.584685897827148438e+01
4.576797866821289062e+01
4.569114685058593750e+01
4.561145401000976562e+01
4.553343200683593750e+01
4.545981979370117188e+01
4.539234161376953125e+01
4.533235168457031250e+01
4.527888107299804688e+01
4.522864151000976562e+01
4.518289566040039062e+01
4.514102554321289062e+01
4.510620880126953125e+01
4.505787658691406250e+01
4.500535583496093750e+01
4.494259643554687500e+01
4.488143539428710938e+01
4.482853698730468750e+01
4.476605606079101562e+01
4.471084213256835938e+01
4.465017700195312500e+01
4.458301925659179688e+01
4.451117706298828125e+01
4.444260025024414062e+01
4.438265228271484375e+01
4.431852340698242188e+01
4.425373840332031250e+01
4.418611145019531250e+01
4.410908508300781250e+01
4.403711318969726562e+01
4.396221923828125000e+01
4.388855361938476562e+01
4.381223297119140625e+01
4.373793029785156250e+01
4.367317962646484375e+01
4.360478210449218750e+01
4.354374313354492188e+01
4.349028396606445312e+01
4.342398834228515625e+01
4.336186981201171875e+01
4.329462432861328125e+01
4.323675537109375000e+01
4.317558288574218750e+01
4.310633468627929688e+01
4.302834320068359375e+01
4.294107437133789062e+01
4.286074447631835938e+01
4.277428054809570312e+01
4.268355560302734375e+01
4.259988403320312500e+01
4.252345657348632812e+01
4.245599365234375000e+01
4.238232421875000000e+01
4.230374908447265625e+01
4.223311233520507812e+01
4.216241836547851562e+01
4.209337615966796875e+01
4.203753662109375000e+01
4.198611068725585938e+01
4.193631744384765625e+01
4.189035415649414062e+01
4.184469604492187500e+01
4.179402160644531250e+01
4.173696136474609375e+01
4.168299865722656250e+01
4.162601852416992188e+01
4.157014846801757812e+01
4.151031112670898438e+01
4.145051956176757812e+01
4.139356994628906250e+01
4.133435821533203125e+01
4.128232574462890625e+01
4.122761535644531250e+01
4.117665863037109375e+01
4.113282012939453125e+01
4.109313964843750000e+01
4.105125427246093750e+01
4.101255798339843750e+01
4.097894287109375000e+01
4.094024276733398438e+01
4.090651702880859375e+01
4.086632537841796875e+01
4.082775497436523438e+01
4.079806137084960938e+01
4.076720428466796875e+01
4.073511505126953125e+01
4.069344329833984375e+01
4.065532302856445312e+01
4.061163711547851562e+01
4.056568527221679688e+01
4.051942825317382812e+01
4.046862411499023438e+01
4.041135406494140625e+01
4.035320663452148438e+01
4.030416488647460938e+01
4.023982238769531250e+01
4.017211532592773438e+01
4.010137557983398438e+01
4.003234100341796875e+01
3.997320175170898438e+01
3.992815399169921875e+01
3.988027191162109375e+01
3.984266662597656250e+01
3.978941726684570312e+01
3.973622894287109375e+01
3.968942642211914062e+01
3.965091323852539062e+01
3.962308120727539062e+01
3.959924697875976562e+01
3.957215499877929688e+01
3.955136871337890625e+01
3.952986526489257812e+01
3.950620651245117188e+01
3.947456741333007812e+01
3.945354080200195312e+01
3.942293167114257812e+01
3.939160156250000000e+01
3.936671829223632812e+01
3.933992385864257812e+01
3.931227111816406250e+01
3.928390121459960938e+01
3.924895477294921875e+01
3.921179580688476562e+01
3.916408538818359375e+01
3.912220382690429688e+01
3.908796691894531250e+01
3.905948638916015625e+01
3.903238296508789062e+01
3.899053955078125000e+01
3.894905853271484375e+01
3.891451263427734375e+01
3.888703918457031250e+01
3.884881210327148438e+01
3.881092453002929688e+01
3.878487396240234375e+01
3.876554107666015625e+01
3.874264144897460938e+01
3.871329498291015625e+01
3.868322753906250000e+01
3.866491699218750000e+01
3.864234161376953125e+01
3.862061691284179688e+01
3.859964370727539062e+01
3.857316970825195312e+01
3.854155731201171875e+01
3.852441406250000000e+01
3.850360107421875000e+01
3.848606872558593750e+01
3.846813964843750000e+01
3.845231628417968750e+01
3.843960952758789062e+01
3.842915344238281250e+01
3.841950225830078125e+01
3.840667343139648438e+01
3.838503265380859375e+01
3.834878158569335938e+01
3.830789947509765625e+01
3.826955795288085938e+01
3.823044586181640625e+01
3.819125747680664062e+01
3.816142272949218750e+01
3.812830352783203125e+01
3.809526062011718750e+01
3.807620620727539062e+01
3.805770111083984375e+01
3.804515838623046875e+01
3.802507019042968750e+01
3.800343322753906250e+01
3.797518920898437500e+01
3.794335556030273438e+01
3.791526412963867188e+01
3.789392471313476562e+01
3.787497329711914062e+01
3.786024093627929688e+01
3.782982635498046875e+01
3.780189895629882812e+01
3.777574157714843750e+01
3.776543426513671875e+01
3.776008224487304688e+01
3.775097274780273438e+01
3.773944091796875000e+01
3.772193527221679688e+01
3.770401000976562500e+01
3.768915939331054688e+01
3.766179275512695312e+01
3.763544845581054688e+01
3.760584640502929688e+01
3.758744430541992188e+01
3.756430816650390625e+01
3.754733276367187500e+01
3.752944183349609375e+01
3.750757217407226562e+01
3.748001861572265625e+01
3.744926452636718750e+01
3.741057205200195312e+01
3.738405609130859375e+01
3.735502243041992188e+01
3.733058929443359375e+01
3.731568908691406250e+01
3.729018020629882812e+01
3.725650787353515625e+01
3.722882843017578125e+01
3.720088577270507812e+01
3.717277145385742188e+01
3.714468002319335938e+01
3.711854171752929688e+01
3.708324813842773438e+01
3.704999923706054688e+01
3.701749801635742188e+01
3.698745727539062500e+01
3.695454406738281250e+01
3.692045593261718750e+01
3.689169692993164062e+01
3.686481857299804688e+01
3.684861373901367188e+01
3.683178710937500000e+01
3.682003784179687500e+01
3.680496215820312500e+01
3.678096771240234375e+01
3.676799392700195312e+01
3.675466918945312500e+01
3.673842620849609375e+01
3.672485351562500000e+01
3.672639846801757812e+01
3.672354507446289062e+01
3.672492980957031250e+01
3.672703933715820312e+01
3.672171783447265625e+01
3.671736907958984375e+01
3.670616912841796875e+01
3.669803619384765625e+01
3.669278335571289062e+01
3.668418884277343750e+01
3.668126678466796875e+01
3.666994476318359375e+01
3.665602493286132812e+01
3.664271163940429688e+01
3.664126205444335938e+01
3.664192581176757812e+01
3.663486862182617188e+01
3.663103866577148438e+01
3.662913894653320312e+01
3.662017822265625000e+01
3.661380386352539062e+01
3.660268402099609375e+01
3.658402633666992188e+01
3.655577468872070312e+01
3.651388549804687500e+01
3.647074508666992188e+01
3.644615173339843750e+01
3.643452453613281250e+01
3.644365692138671875e+01
3.643735122680664062e+01
3.644472122192382812e+01
3.645616912841796875e+01
3.646055603027343750e+01
3.647272109985351562e+01
3.648109436035156250e+01
3.648606872558593750e+01
3.649500274658203125e+01
3.649195861816406250e+01
3.650025558471679688e+01
3.650387573242187500e+01
3.650451660156250000e+01
3.649237442016601562e+01
3.647665405273437500e+01
3.645610809326171875e+01
3.643510437011718750e+01
3.641216278076171875e+01
3.638770294189453125e+01
3.637526702880859375e+01
3.635726547241210938e+01
3.632408905029296875e+01
3.627725219726562500e+01
3.623337554931640625e+01
3.620639038085937500e+01
3.618318176269531250e+01
3.614309692382812500e+01
3.610115051269531250e+01
3.606422042846679688e+01
3.602492904663085938e+01
3.599183654785156250e+01
3.594940567016601562e+01
3.591189193725585938e+01
3.588228988647460938e+01
3.585171508789062500e+01
3.581834793090820312e+01
3.579136276245117188e+01
3.576463699340820312e+01
3.574154663085937500e+01
3.572824096679687500e+01
3.571802902221679688e+01
3.570977020263671875e+01
3.571035385131835938e+01
3.570986557006835938e+01
3.571696472167968750e+01
3.571315765380859375e+01
3.571727752685546875e+01
3.572108459472656250e+01
3.572794723510742188e+01
3.574682617187500000e+01
3.576995849609375000e+01
3.578427124023437500e+01
3.578378295898437500e+01
3.577920532226562500e+01
3.577798843383789062e+01
3.577552795410156250e+01
3.577062225341796875e+01
3.575788116455078125e+01
3.574370193481445312e+01
3.573428726196289062e+01
3.572587966918945312e+01
3.571758651733398438e+01
3.571798706054687500e+01
3.572036361694335938e+01
3.572083663940429688e+01
3.572938537597656250e+01
3.573319244384765625e+01
3.573729324340820312e+01
3.573506546020507812e+01
3.573617553710937500e+01
3.573893737792968750e+01
3.574384307861328125e+01
3.573104858398437500e+01
3.571692276000976562e+01
3.570196151733398438e+01
3.570123672485351562e+01
3.570339584350585938e+01
3.570553970336914062e+01
3.570270538330078125e+01
3.569971084594726562e+01
3.569972991943359375e+01
3.570521163940429688e+01
3.571000671386718750e+01
3.571345138549804688e+01
3.571938323974609375e+01
3.572784805297851562e+01
3.573543167114257812e+01
3.574814224243164062e+01
3.575271224975585938e+01
3.577163314819335938e+01
3.578925704956054688e+01
3.581138229370117188e+01
3.582778930664062500e+01
3.584424972534179688e+01
3.585461044311523438e+01
3.585992431640625000e+01
3.587123489379882812e+01
3.587937927246093750e+01
3.588814544677734375e+01
3.589255523681640625e+01
3.590099716186523438e+01
3.590308380126953125e+01
3.589851379394531250e+01
3.589467620849609375e+01
3.587411499023437500e+01
3.585256195068359375e+01
3.582955169677734375e+01
3.581655120849609375e+01
3.580339431762695312e+01
3.579070663452148438e+01
3.575733566284179688e+01
3.573340606689453125e+01
3.570716094970703125e+01
3.568247222900390625e+01
3.566450881958007812e+01
3.564499664306640625e+01
3.563732147216796875e+01
3.561772918701171875e+01
3.559815979003906250e+01
3.558813858032226562e+01
3.558103179931640625e+01
3.557892608642578125e+01
3.556753921508789062e+01
3.556018829345703125e+01
3.555129623413085938e+01
3.553630065917968750e+01
3.552639007568359375e+01
3.552093124389648438e+01
3.551639175415039062e+01
3.551258087158203125e+01
3.551670837402343750e+01
3.552136993408203125e+01
3.552528762817382812e+01
3.552353286743164062e+01
3.552473449707031250e+01
3.552493667602539062e+01
3.552501296997070312e+01
3.553468704223632812e+01
3.554215240478515625e+01
3.553707504272460938e+01
3.552664947509765625e+01
3.551540374755859375e+01
3.549896240234375000e+01
3.547420120239257812e+01
3.545146179199218750e+01
3.542469024658203125e+01
3.540017318725585938e+01
3.537067413330078125e+01
3.535224151611328125e+01
3.533139419555664062e+01
3.531344223022460938e+01
3.528731536865234375e+01
3.525434875488281250e+01
3.523013305664062500e+01
3.518951797485351562e+01
3.516505432128906250e+01
3.514495849609375000e+01
3.512632751464843750e+01
3.511012268066406250e+01
3.509581756591796875e+01
3.507906723022460938e+01
3.505913162231445312e+01
3.504394149780273438e+01
3.503422927856445312e+01
3.503464126586914062e+01
3.502896118164062500e+01
3.501067733764648438e+01
3.499435043334960938e+01
3.498279953002929688e+01
3.497061157226562500e+01
3.495378494262695312e+01
3.492243576049804688e+01
3.489758300781250000e+01
3.487043380737304688e+01
3.484725570678710938e+01
3.482624053955078125e+01
3.480526351928710938e+01
3.478631210327148438e+01
3.477240753173828125e+01
3.475634002685546875e+01
3.474097061157226562e+01
3.472352981567382812e+01
3.470646667480468750e+01
3.469652938842773438e+01
3.467250823974609375e+01
3.464526367187500000e+01
3.460713958740234375e+01
3.456496810913085938e+01
3.453238677978515625e+01
3.449194717407226562e+01
3.444359207153320312e+01
3.439937973022460938e+01
3.435678100585937500e+01
3.431878662109375000e+01
3.427753067016601562e+01
3.424299621582031250e+01
3.421441650390625000e+01
3.418509292602539062e+01
3.415349578857421875e+01
3.412570190429687500e+01
3.409849548339843750e+01
3.408256912231445312e+01
3.406993103027343750e+01
3.406684875488281250e+01
3.405344009399414062e+01
3.403399276733398438e+01
3.401611328125000000e+01
3.400478363037109375e+01
3.399563980102539062e+01
3.398640060424804688e+01
3.397813796997070312e+01
3.396809768676757812e+01
3.395668029785156250e+01
3.395620346069335938e+01
3.395093536376953125e+01
3.394374847412109375e+01
3.394083404541015625e+01
3.394352340698242188e+01
3.394857788085937500e+01
3.395137023925781250e+01
3.395085906982421875e+01
3.394748687744140625e+01
3.394895172119140625e+01
3.394250869750976562e+01
3.393390274047851562e+01
3.392594528198242188e+01
3.391812133789062500e+01
3.391479492187500000e+01
3.390064620971679688e+01
3.388476562500000000e+01
3.386902618408203125e+01
3.385852432250976562e+01
3.384004592895507812e+01
3.381056976318359375e+01
3.380065155029296875e+01
3.379503631591796875e+01
3.378989791870117188e+01
3.378294372558593750e+01
3.376890563964843750e+01
3.376631927490234375e+01
3.376261138916015625e+01
3.375686645507812500e+01
3.375613403320312500e+01
3.375081253051757812e+01
3.374161529541015625e+01
3.373810577392578125e+01
3.374242782592773438e+01
3.374188232421875000e+01
3.374358367919921875e+01
3.374427795410156250e+01
3.375071716308593750e+01
3.376033782958984375e+01
3.376554870605468750e+01
3.376030349731445312e+01
3.376020050048828125e+01
3.375799179077148438e+01
3.375012207031250000e+01
3.376034164428710938e+01
3.376538848876953125e+01
3.377780151367187500e+01
3.379305648803710938e+01
3.380012512207031250e+01
3.380386352539062500e+01
3.381745147705078125e+01
3.382480239868164062e+01
3.382619476318359375e+01
3.383159637451171875e+01
3.384948348999023438e+01
3.386289215087890625e+01
3.387888336181640625e+01
3.389520645141601562e+01
3.391400909423828125e+01
3.394202041625976562e+01
3.398464202880859375e+01
3.404092025756835938e+01
3.409244537353515625e+01
3.414309692382812500e+01
3.419066238403320312e+01
3.423166275024414062e+01
3.426702880859375000e+01
3.431044769287109375e+01
3.435077285766601562e+01
3.438686370849609375e+01
3.442292022705078125e+01
3.445633697509765625e+01
3.448329925537109375e+01
3.451105117797851562e+01
3.453422546386718750e+01
3.453996276855468750e+01
3.453590393066406250e+01
3.453500747680664062e+01
3.452213668823242188e+01
3.450825881958007812e+01
3.447467422485351562e+01
3.443768310546875000e+01
3.441609191894531250e+01
3.439603424072265625e+01
3.438842773437500000e+01
3.438635253906250000e+01
3.439514541625976562e+01
3.439918136596679688e+01
3.439080810546875000e+01
3.439077758789062500e+01
3.438547897338867188e+01
3.437799072265625000e+01
3.436206817626953125e+01
3.434386444091796875e+01
3.432442474365234375e+01
3.429831695556640625e+01
3.427698898315429688e+01
3.425811004638671875e+01
3.424293136596679688e+01
3.423409652709960938e+01
3.422275161743164062e+01
3.420307159423828125e+01
3.418352127075195312e+01
3.416011810302734375e+01
3.415708541870117188e+01
3.415156555175781250e+01
3.415022659301757812e+01
3.415013504028320312e+01
3.415180206298828125e+01
3.415841293334960938e+01
3.417517852783203125e+01
3.417671203613281250e+01
3.418463897705078125e+01
3.418013763427734375e+01
3.417056655883789062e+01
3.417533111572265625e+01
3.417170333862304688e+01
3.418237686157226562e+01
3.420431137084960938e+01
3.422767639160156250e+01
3.425759887695312500e+01
3.427413558959960938e+01
3.428990936279296875e+01
3.429920959472656250e+01
3.430797195434570312e+01
3.430834197998046875e+01
3.432052230834960938e+01
3.433392715454101562e+01
3.433297729492187500e+01
3.432680892944335938e+01
3.431676864624023438e+01
3.431633758544921875e+01
3.432642364501953125e+01
3.433382034301757812e+01
3.434426879882812500e+01
3.434675216674804688e+01
3.433094406127929688e+01
3.431189727783203125e+01
3.429967880249023438e+01
3.427612304687500000e+01
3.423770523071289062e+01
3.418787002563476562e+01
3.413325119018554688e+01
3.409070968627929688e+01
3.404292297363281250e+01
3.400495147705078125e+01
3.398286056518554688e+01
3.396556472778320312e+01
3.394758605957031250e+01
3.392697906494140625e+01
3.391653060913085938e+01
3.390662765502929688e+01
3.389489746093750000e+01
3.388307189941406250e+01
3.386846160888671875e+01
3.385593414306640625e+01
3.384205245971679688e+01
3.383790969848632812e+01
3.383074951171875000e+01
3.382314682006835938e+01
3.382033157348632812e+01
3.381710815429687500e+01
3.381621551513671875e+01
3.380852890014648438e+01
3.380340194702148438e+01
3.379129028320312500e+01
3.377796936035156250e+01
3.375819396972656250e+01
3.374488449096679688e+01
3.373110961914062500e+01
3.373147964477539062e+01
3.373851776123046875e+01
3.374494934082031250e+01
3.375989532470703125e+01
3.378870010375976562e+01
3.381849670410156250e+01
3.385171127319335938e+01
3.388385391235351562e+01
3.391836166381835938e+01
3.394354248046875000e+01
3.396874237060546875e+01
3.399460601806640625e+01
3.402878189086914062e+01
3.406669998168945312e+01
3.410148620605468750e+01
3.412760543823242188e+01
3.415243911743164062e+01
3.417316055297851562e+01
3.419108581542968750e+01
3.420328521728515625e+01
3.421458435058593750e+01
3.423810577392578125e+01
3.424306106567382812e+01
3.424937820434570312e+01
3.425761795043945312e+01
3.426810455322265625e+01
3.427103424072265625e+01
3.426713562011718750e+01
3.426667022705078125e+01
3.426899337768554688e+01
3.425825881958007812e+01
3.424645614624023438e+01
3.423929214477539062e+01
3.423032760620117188e+01
3.421292114257812500e+01
3.418358230590820312e+01
3.415015792846679688e+01
3.410844039916992188e+01
3.407079315185546875e+01
3.404281234741210938e+01
3.403987884521484375e+01
3.404827499389648438e+01
3.404748916625976562e+01
3.404862976074218750e+01
3.404843902587890625e+01
3.404477691650390625e+01
3.404501342773437500e+01
3.403943252563476562e+01
3.404413604736328125e+01
3.406049728393554688e+01
3.407457351684570312e+01
3.408901977539062500e+01
3.411140441894531250e+01
3.412740325927734375e+01
3.414045333862304688e+01
3.413803863525390625e+01
3.414071655273437500e+01
3.414573287963867188e+01
3.414128875732421875e+01
3.412565612792968750e+01
3.411042022705078125e+01
3.409570312500000000e+01
3.407851028442382812e+01
3.407061386108398438e+01
3.406735610961914062e+01
3.406289672851562500e+01
3.405990600585937500e+01
3.404976272583007812e+01
3.403630065917968750e+01
3.402459716796875000e+01
3.400088500976562500e+01
3.398938751220703125e+01
3.397841262817382812e+01
3.397906494140625000e+01
3.397789764404296875e+01
3.396665954589843750e+01
3.395486450195312500e+01
3.395063781738281250e+01
3.394672393798828125e+01
3.393939971923828125e+01
3.393072509765625000e+01
3.392574310302734375e+01
3.391948318481445312e+01
3.390210723876953125e+01
3.388130187988281250e+01
3.386153030395507812e+01
3.382896804809570312e+01
3.380339431762695312e+01
3.378507232666015625e+01
3.376831817626953125e+01
3.373716354370117188e+01
3.371311569213867188e+01
3.368825149536132812e+01
3.367536163330078125e+01
3.366550064086914062e+01
3.365784454345703125e+01
3.364218139648437500e+01
3.362317276000976562e+01
3.359709548950195312e+01
3.357044982910156250e+01
3.354056167602539062e+01
3.350447082519531250e+01
3.347684860229492188e+01
3.344948577880859375e+01
3.342181396484375000e+01
3.339372634887695312e+01
3.336602783203125000e+01
3.333884429931640625e+01
3.331647109985351562e+01
3.329514312744140625e+01
3.327783203125000000e+01
3.325442886352539062e+01
3.322137451171875000e+01
3.318132781982421875e+01
3.313020324707031250e+01
3.307858657836914062e+01
3.303260421752929688e+01
3.298368072509765625e+01
3.293652725219726562e+01
3.289366149902343750e+01
3.285511398315429688e+01
3.282960128784179688e+01
3.280882263183593750e+01
3.278050613403320312e+01
3.275349807739257812e+01
3.272954559326171875e+01
3.270151138305664062e+01
3.267852020263671875e+01
3.265007019042968750e+01
3.261984634399414062e+01
3.259725570678710938e+01
3.257360076904296875e+01
3.254394531250000000e+01
3.251312255859375000e+01
3.248027420043945312e+01
3.244416427612304688e+01
3.241222381591796875e+01
3.238559722900390625e+01
3.235937500000000000e+01
3.233367156982421875e+01
3.230527114868164062e+01
3.227786636352539062e+01
3.223976516723632812e+01
